Each original and improved algorithm was ran on the same sample dataset, calculating time to compute on the 64 channels, for each entropy measure.

-----------------------------------------------------------------------------------------------
					SAMPLE ENTROPY


- original: Elapsed time is 10.282720 seconds.
- Ascent: Elapsed time is 3.494948 seconds.

difference =

     -8.50083129968482e-05
     -0.000119001462975943
     -0.000193335724718358
      8.04227857842399e-05
      0.000150315486381114
     -1.89120702331902e-05
     -0.000119068161812397
     -0.000176482827468405
      0.000133162042508017
     -3.46321418025486e-05
       1.1738664176475e-05
      0.000200086611525707
     -9.45649670154314e-05
     -0.000151936498722804
      0.000108193929329481
      0.000107777153727895
     -0.000116022003047389
     -1.90045389230065e-05
      1.41154343102912e-05
     -9.36459947862289e-05
     -0.000147145439006291
     -0.000203663930894438
     -0.000179858347183925
      9.40447017849788e-05
     -0.000156378181455974
     -0.000102391460523155
     -0.000242226825655001
     -0.000161975522658508
     -0.000142064743430037
     -0.000161857663529386
      -5.1224764633151e-05
     -0.000157321325323201
     -7.57751719133726e-05
       0.00011622660990096
     -0.000149768461427779
     -0.000267493940366403
     -0.000140475843294574
     -0.000172789624771852
     -0.000149528909572538
     -0.000200918154250163
     -0.000215263024694767
     -7.76903892785175e-05
     -0.000200482176880623
     -1.43460763439851e-05
     -0.000205122258019497
     -0.000184391320057653
     -0.000173881695757938
     -9.71532593823099e-05
     -0.000113778966696065
       0.00010696218893691
      0.000160240495028718
      0.000158189182760005
      0.000218508639534765
       0.00015108231232408
       6.2302940897041e-05
      1.90175452634556e-05
      0.000110501907097715
     -2.86859520470806e-06
      0.000102645322500816
      8.10185026267618e-05
     -9.06651425953697e-05
      8.96671149623884e-05
     -0.000103225698515397
     -0.000256958299555077


-----------------------------------------------------------------------------------------------
					FUZZY ENTROPY


- original: Elapsed time is 13.919437 seconds.
- Ascent: Elapsed time is 11.540600 seconds.

difference =

     -5.69202522727741e-05
     -9.25696990565772e-05
     -0.000107488933405897
      9.10317690944185e-05
      0.000158978093617868
     -1.96183739633593e-05
     -9.15562265696446e-05
     -0.000142501784927029
       0.00010725355093899
     -3.67649735965037e-05
      8.19306224741911e-06
      0.000192769444728791
     -8.39747969534343e-05
     -0.000114167381317087
      9.13427122302135e-05
      0.000111269701968952
     -6.40060248489061e-05
       2.4430276837184e-05
      2.76503239188264e-05
      -6.5359651372221e-05
     -0.000120810917039305
     -0.000195829220481003
     -0.000176601595577974
      8.39802162871939e-05
     -0.000109069972177189
     -0.000117283143272418
     -0.000181942056268092
     -0.000142008941059646
      -0.00010803779829216
     -0.000154676415864863
     -3.82068209442421e-05
     -0.000121322107120569
     -2.38722466086583e-05
      0.000101787502379436
     -0.000125963927727901
     -0.000179997597949677
     -8.94183792672365e-05
      -0.00012524863234864
      -6.4944849718529e-05
     -0.000164950236107964
     -0.000172992039970343
      -7.4224707618975e-05
     -0.000166654556132739
     -3.87375251368338e-05
      -0.00020121154235464
     -0.000136146691896766
     -0.000139504313303673
      -5.5613687725109e-05
     -0.000105229107357552
      0.000104904296113317
       0.00012126730572215
       0.00013452281261439
      0.000211905720622241
      0.000123933414778343
      3.91315177349361e-05
      2.40823335076468e-05
      9.90380114830325e-05
     -4.68038082476196e-05
      6.86881217865087e-05
      6.91694000831689e-05
     -8.18243258842166e-05
      6.69115756287697e-05
     -0.000106164707587397
     -0.000168450589452807

-----------------------------------------------------------------------------------------------
					ExSEnt


- original: Elapsed time is 397.249476 seconds.
- Ascent: Elapsed time is 6.151763 seconds.

difference =

      0.000249563265583008
      0.000228990154423903
       0.00025271670591942
       0.00025746653077352
      0.000239234450901904
      0.000229147572038402
      0.000223114681871861
      0.000211774672540965
      0.000215331611512548
      0.000218818381617192
      0.000250125063835371
      0.000246123555266431
       0.00021992522630998
      0.000208899102493776
       0.00020072260203885
      0.000204792136697884
      0.000213310581013593
      0.000224769612095166
      0.000247892911532155
      0.000262467193107963
      0.000246426812484213
      0.000232396003834401
      0.000222074173686249
      0.000213903744130883
      0.000309501704729875
      0.000307314077403031
      0.000322997418828797
      0.000269179005663034
      0.000324044072828933
      0.000319081049293235
      0.000272331156367267
      0.000258933196682465
      0.000259268863261886
      0.000250941030174978
      0.000231964742399615
      0.000254647314847034
      0.000260010401881061
      0.000263852244274831
      0.000260281105061377
      0.000238095239220026
      0.000232234093008543
      0.000217627857224567
        0.0002120890782078
      0.000206228088996507
      0.000211505922954158
       0.00024594195893779
      0.000263019464956438
      0.000261985854262292
      0.000241487564564213
      0.000223363860655912
      0.000212359312753874
      0.000199680511845601
      0.000205592105987584
      0.000211282485468089
       0.00022386389168938
      0.000242483027376172
      0.000257599177107215
      0.000236630384445435
      0.000230946883243544
      0.000220361393575619
      0.000224164986368125
      0.000300661457466322
      0.000318877553722396
      0.000330033006296304



